fled 0.0 0.0 100.0 0.0
pointed at 0.0 12.5 0.0 87.5
pulled 0.0 0.0 100.0 0.0
pushed 0.0 0.0 0.0 100.0
walked 12.5 12.5 50.0 25.0
hunted 0.0 50.0 0.0 50.0
impacted 0.0 25.0 0.0 75.0
perched 0.0 87.5 0.0 12.5
showed 25.0 37.5 0.0 37.5
smashed 0.0 75.0 0.0 25.0
bombed 0.0 100.0 0.0 0.0
flew 37.5 25.0 0.0 37.5
floated 87.5 0.0 12.5 0.0
lifted 87.5 12.5 0.0 0.0
sank 0.0 100.0 0.0 0.0
argued with 0.0 12.5 12.5 75.0
gave to 12.5 0.0 0.0 87.5
offended 0.0 12.5 12.5 75.0
rushed 0.0 37.5 0.0 62.5
warned 25.0 25.0 0.0 50.0
owned 0.0 25.0 62.5 12.5
regretted 12.5 37.5 25.0 25.0
rested 25.0 25.0 12.5 37.5
tempted 37.5 12.5 25.0 25.0
wanted 0.0 0.0 0.0 100.0
hoped 37.5 12.5 0.0 50.0
increased 100.0 0.0 0.0 0.0
obeyed 37.5 0.0 62.5 0.0
respected 25.0 12.5 37.5 25.0
succeeded 37.5 0.0 50.0 12.5
